NAME	= dem route 1-7
DESCRIPTION	= 
UNIT	= 
DATAFORMAT	= FLOAT
DATAFILE_OFFSET	= 0
BYTEORDER_BIG	= FALSE
TOPTOBOTTOM	= FALSE
POSITION_XMIN	= 84.0930299999999988
POSITION_YMIN	= 28.0711200000000005
CELLCOUNT_X	= 1
CELLCOUNT_Y	= 1
CELLSIZE	= 100.0000000000000000
Z_FACTOR	= 1.000000
Z_OFFSET	= 0.000000
NODATA_VALUE	= -99999.000000;-99999.000000
